start=1247.538000
sub-delay=16.059999
